$ANSIBLE_VAULT;1.1;AES256
33323766336533346435376138376262653836653833613938313732316434333238346532613765
6662353262346431656135653661633637663839333362610a666535623437393432633239623830
62663332653630373938343864643939323962613462326463306132336465386461616338393962
6564393831303330620a616335386533636435663930313361393139373564633663373164336363
65663163383634663964646537613837633934666562646134616161323634366164373566636330
32666162613233386439623264356632616161313064366530306165393163383031653331636564
34363134376136663766333130656336353363333030613663646232343364353566313532323130
66383664386665643933313636626435316264356434663634623636666434343331343938663833
65346362333762333339646331353863306461353839303230376532333264643439313537646433
37613839643166393465626135386430623431373038303537326135646463376664646533656439
63636231396466643434313136383838373736306133303463636330653762383137343965636636
36356266656530353964626261343637643738393233363235373537653538356462636666383933
35303763653132373764356266616363333433333666613861663832613766383265353638373837
30623061636139636362333033653763613138636236626139376163613332396433373564323830
31343034343463663732623966363137393035383034313734666233383035653332336465343536
39626230333039383436356362313932363062626261336435643366616635666433616238363432
38616664373635303561633834346134373738396237393734356238386637613263643535366266
36633064323935396361363031613931626362613262393739323539646539623265643230336431
636638623463616432393831323637356131
